time	ip	op	x	y	a	b	c	d	e	f	g	h
0					1	0	0	0	0	0	0	0
1	0	set	b	84	1	84	0	0	0	0	0	0
2	1	set	c	b	1	84	84	0	0	0	0	0
3	2	jnz	a	2	1	84	84	0	0	0	0	0
4	4	mul	b	100	1	8400	84	0	0	0	0	0
5	5	sub	b	-100000	1	108400	84	0	0	0	0	0
6	6	set	c	b	1	108400	108400	0	0	0	0	0
7	7	sub	c	-17000	1	108400	125400	0	0	0	0	0
8	8	set	f	1	1	108400	125400	0	0	1	0	0
9	9	set	d	2	1	108400	125400	2	0	1	0	0
10	10	set	e	2	1	108400	125400	2	2	1	0	0
11	11	set	g	d	1	108400	125400	2	2	1	2	0
12	12	mul	g	e	1	108400	125400	2	2	1	4	0
13	13	sub	g	b	1	108400	125400	2	2	1	-108396	0
14	14	jnz	g	2	1	108400	125400	2	2	1	-108396	0
15	16	sub	e	-1	1	108400	125400	2	3	1	-108396	0
16	17	set	g	e	1	108400	125400	2	3	1	3	0
17	18	sub	g	b	1	108400	125400	2	3	1	-108397	0
18	19	jnz	g	-8	1	108400	125400	2	3	1	-108397	0
19	11	set	g	d	1	108400	125400	2	3	1	2	0
20	12	mul	g	e	1	108400	125400	2	3	1	6	0
21	13	sub	g	b	1	108400	125400	2	3	1	-108394	0
22	14	jnz	g	2	1	108400	125400	2	3	1	-108394	0
23	16	sub	e	-1	1	108400	125400	2	4	1	-108394	0
24	17	set	g	e	1	108400	125400	2	4	1	4	0
25	18	sub	g	b	1	108400	125400	2	4	1	-108396	0
26	19	jnz	g	-8	1	108400	125400	2	4	1	-108396	0
27	11	set	g	d	1	108400	125400	2	4	1	2	0
28	12	mul	g	e	1	108400	125400	2	4	1	8	0
29	13	sub	g	b	1	108400	125400	2	4	1	-108392	0
30	14	jnz	g	2	1	108400	125400	2	4	1	-108392	0
31	16	sub	e	-1	1	108400	125400	2	5	1	-108392	0
32	17	set	g	e	1	108400	125400	2	5	1	5	0
33	18	sub	g	b	1	108400	125400	2	5	1	-108395	0
34	19	jnz	g	-8	1	108400	125400	2	5	1	-108395	0
35	11	set	g	d	1	108400	125400	2	5	1	2	0
36	12	mul	g	e	1	108400	125400	2	5	1	10	0
37	13	sub	g	b	1	108400	125400	2	5	1	-108390	0
38	14	jnz	g	2	1	108400	125400	2	5	1	-108390	0
39	16	sub	e	-1	1	108400	125400	2	6	1	-108390	0
40	17	set	g	e	1	108400	125400	2	6	1	6	0
41	18	sub	g	b	1	108400	125400	2	6	1	-108394	0
42	19	jnz	g	-8	1	108400	125400	2	6	1	-108394	0
43	11	set	g	d	1	108400	125400	2	6	1	2	0
44	12	mul	g	e	1	108400	125400	2	6	1	12	0
45	13	sub	g	b	1	108400	125400	2	6	1	-108388	0
46	14	jnz	g	2	1	108400	125400	2	6	1	-108388	0
47	16	sub	e	-1	1	108400	125400	2	7	1	-108388	0
48	17	set	g	e	1	108400	125400	2	7	1	7	0
49	18	sub	g	b	1	108400	125400	2	7	1	-108393	0
50	19	jnz	g	-8	1	108400	125400	2	7	1	-108393	0
51	11	set	g	d	1	108400	125400	2	7	1	2	0
52	12	mul	g	e	1	108400	125400	2	7	1	14	0
53	13	sub	g	b	1	108400	125400	2	7	1	-108386	0
54	14	jnz	g	2	1	108400	125400	2	7	1	-108386	0
55	16	sub	e	-1	1	108400	125400	2	8	1	-108386	0
56	17	set	g	e	1	108400	125400	2	8	1	8	0
57	18	sub	g	b	1	108400	125400	2	8	1	-108392	0
58	19	jnz	g	-8	1	108400	125400	2	8	1	-108392	0
59	11	set	g	d	1	108400	125400	2	8	1	2	0
60	12	mul	g	e	1	108400	125400	2	8	1	16	0
61	13	sub	g	b	1	108400	125400	2	8	1	-108384	0
62	14	jnz	g	2	1	108400	125400	2	8	1	-108384	0
63	16	sub	e	-1	1	108400	125400	2	9	1	-108384	0
64	17	set	g	e	1	108400	125400	2	9	1	9	0
65	18	sub	g	b	1	108400	125400	2	9	1	-108391	0
66	19	jnz	g	-8	1	108400	125400	2	9	1	-108391	0
67	11	set	g	d	1	108400	125400	2	9	1	2	0
68	12	mul	g	e	1	108400	125400	2	9	1	18	0
69	13	sub	g	b	1	108400	125400	2	9	1	-108382	0
70	14	jnz	g	2	1	108400	125400	2	9	1	-108382	0
71	16	sub	e	-1	1	108400	125400	2	10	1	-108382	0
72	17	set	g	e	1	108400	125400	2	10	1	10	0
73	18	sub	g	b	1	108400	125400	2	10	1	-108390	0
74	19	jnz	g	-8	1	108400	125400	2	10	1	-108390	0
75	11	set	g	d	1	108400	125400	2	10	1	2	0
76	12	mul	g	e	1	108400	125400	2	10	1	20	0
77	13	sub	g	b	1	108400	125400	2	10	1	-108380	0
78	14	jnz	g	2	1	108400	125400	2	10	1	-108380	0
79	16	sub	e	-1	1	108400	125400	2	11	1	-108380	0
80	17	set	g	e	1	108400	125400	2	11	1	11	0
81	18	sub	g	b	1	108400	125400	2	11	1	-108389	0
82	19	jnz	g	-8	1	108400	125400	2	11	1	-108389	0
83	11	set	g	d	1	108400	125400	2	11	1	2	0
84	12	mul	g	e	1	108400	125400	2	11	1	22	0
85	13	sub	g	b	1	108400	125400	2	11	1	-108378	0
86	14	jnz	g	2	1	108400	125400	2	11	1	-108378	0
87	16	sub	e	-1	1	108400	125400	2	12	1	-108378	0
88	17	set	g	e	1	108400	125400	2	12	1	12	0
89	18	sub	g	b	1	108400	125400	2	12	1	-108388	0
90	19	jnz	g	-8	1	108400	125400	2	12	1	-108388	0
91	11	set	g	d	1	108400	125400	2	12	1	2	0
92	12	mul	g	e	1	108400	125400	2	12	1	24	0
93	13	sub	g	b	1	108400	125400	2	12	1	-108376	0
94	14	jnz	g	2	1	108400	125400	2	12	1	-108376	0
95	16	sub	e	-1	1	108400	125400	2	13	1	-108376	0
96	17	set	g	e	1	108400	125400	2	13	1	13	0
97	18	sub	g	b	1	108400	125400	2	13	1	-108387	0
98	19	jnz	g	-8	1	108400	125400	2	13	1	-108387	0
