time	ip	op	x	y	a	b	c	d	e	f	g	h
433570					1	108400	125400	2	54197	1	0	0
433571	11	set	g	d	1	108400	125400	2	54197	1	2	0
433572	12	mul	g	e	1	108400	125400	2	54197	1	108394	0
433573	13	sub	g	b	1	108400	125400	2	54197	1	-6	0
433574	14	jnz	g	2	1	108400	125400	2	54197	1	-6	0
433575	16	sub	e	-1	1	108400	125400	2	54198	1	-6	0
433576	17	set	g	e	1	108400	125400	2	54198	1	54198	0
433577	18	sub	g	b	1	108400	125400	2	54198	1	-54202	0
433578	19	jnz	g	-8	1	108400	125400	2	54198	1	-54202	0
433579	11	set	g	d	1	108400	125400	2	54198	1	2	0
433580	12	mul	g	e	1	108400	125400	2	54198	1	108396	0
433581	13	sub	g	b	1	108400	125400	2	54198	1	-4	0
433582	14	jnz	g	2	1	108400	125400	2	54198	1	-4	0
433583	16	sub	e	-1	1	108400	125400	2	54199	1	-4	0
433584	17	set	g	e	1	108400	125400	2	54199	1	54199	0
433585	18	sub	g	b	1	108400	125400	2	54199	1	-54201	0
433586	19	jnz	g	-8	1	108400	125400	2	54199	1	-54201	0
433587	11	set	g	d	1	108400	125400	2	54199	1	2	0
433588	12	mul	g	e	1	108400	125400	2	54199	1	108398	0
433589	13	sub	g	b	1	108400	125400	2	54199	1	-2	0
433590	14	jnz	g	2	1	108400	125400	2	54199	1	-2	0
433591	16	sub	e	-1	1	108400	125400	2	54200	1	-2	0
433592	17	set	g	e	1	108400	125400	2	54200	1	54200	0
433593	18	sub	g	b	1	108400	125400	2	54200	1	-54200	0
433594	19	jnz	g	-8	1	108400	125400	2	54200	1	-54200	0
433595	11	set	g	d	1	108400	125400	2	54200	1	2	0
433596	12	mul	g	e	1	108400	125400	2	54200	1	108400	0
433597	13	sub	g	b	1	108400	125400	2	54200	1	0	0
433598	14	jnz	g	2	1	108400	125400	2	54200	1	0	0
433599	15	set	f	0	1	108400	125400	2	54200	0	0	0
433600	16	sub	e	-1	1	108400	125400	2	54201	0	0	0
433601	17	set	g	e	1	108400	125400	2	54201	0	54201	0
433602	18	sub	g	b	1	108400	125400	2	54201	0	-54199	0
433603	19	jnz	g	-8	1	108400	125400	2	54201	0	-54199	0
433604	11	set	g	d	1	108400	125400	2	54201	0	2	0
433605	12	mul	g	e	1	108400	125400	2	54201	0	108402	0
433606	13	sub	g	b	1	108400	125400	2	54201	0	2	0
433607	14	jnz	g	2	1	108400	125400	2	54201	0	2	0
433608	16	sub	e	-1	1	108400	125400	2	54202	0	2	0
433609	17	set	g	e	1	108400	125400	2	54202	0	54202	0
433610	18	sub	g	b	1	108400	125400	2	54202	0	-54198	0
433611	19	jnz	g	-8	1	108400	125400	2	54202	0	-54198	0
433612	11	set	g	d	1	108400	125400	2	54202	0	2	0
433613	12	mul	g	e	1	108400	125400	2	54202	0	108404	0
433614	13	sub	g	b	1	108400	125400	2	54202	0	4	0
433615	14	jnz	g	2	1	108400	125400	2	54202	0	4	0
433616	16	sub	e	-1	1	108400	125400	2	54203	0	4	0
433617	17	set	g	e	1	108400	125400	2	54203	0	54203	0
433618	18	sub	g	b	1	108400	125400	2	54203	0	-54197	0
433619	19	jnz	g	-8	1	108400	125400	2	54203	0	-54197	0
433620	11	set	g	d	1	108400	125400	2	54203	0	2	0
433621	12	mul	g	e	1	108400	125400	2	54203	0	108406	0
433622	13	sub	g	b	1	108400	125400	2	54203	0	6	0
433623	14	jnz	g	2	1	108400	125400	2	54203	0	6	0
433624	16	sub	e	-1	1	108400	125400	2	54204	0	6	0
433625	17	set	g	e	1	108400	125400	2	54204	0	54204	0
433626	18	sub	g	b	1	108400	125400	2	54204	0	-54196	0
433627	19	jnz	g	-8	1	108400	125400	2	54204	0	-54196	0
433628	11	set	g	d	1	108400	125400	2	54204	0	2	0
433629	12	mul	g	e	1	108400	125400	2	54204	0	108408	0
433630	13	sub	g	b	1	108400	125400	2	54204	0	8	0
433631	14	jnz	g	2	1	108400	125400	2	54204	0	8	0
433632	16	sub	e	-1	1	108400	125400	2	54205	0	8	0
433633	17	set	g	e	1	108400	125400	2	54205	0	54205	0
433634	18	sub	g	b	1	108400	125400	2	54205	0	-54195	0
433635	19	jnz	g	-8	1	108400	125400	2	54205	0	-54195	0
433636	11	set	g	d	1	108400	125400	2	54205	0	2	0
433637	12	mul	g	e	1	108400	125400	2	54205	0	108410	0
433638	13	sub	g	b	1	108400	125400	2	54205	0	10	0
433639	14	jnz	g	2	1	108400	125400	2	54205	0	10	0
433640	16	sub	e	-1	1	108400	125400	2	54206	0	10	0
433641	17	set	g	e	1	108400	125400	2	54206	0	54206	0
433642	18	sub	g	b	1	108400	125400	2	54206	0	-54194	0
433643	19	jnz	g	-8	1	108400	125400	2	54206	0	-54194	0
433644	11	set	g	d	1	108400	125400	2	54206	0	2	0
433645	12	mul	g	e	1	108400	125400	2	54206	0	108412	0
433646	13	sub	g	b	1	108400	125400	2	54206	0	12	0
433647	14	jnz	g	2	1	108400	125400	2	54206	0	12	0
433648	16	sub	e	-1	1	108400	125400	2	54207	0	12	0
433649	17	set	g	e	1	108400	125400	2	54207	0	54207	0
433650	18	sub	g	b	1	108400	125400	2	54207	0	-54193	0
433651	19	jnz	g	-8	1	108400	125400	2	54207	0	-54193	0
433652	11	set	g	d	1	108400	125400	2	54207	0	2	0
433653	12	mul	g	e	1	108400	125400	2	54207	0	108414	0
433654	13	sub	g	b	1	108400	125400	2	54207	0	14	0
433655	14	jnz	g	2	1	108400	125400	2	54207	0	14	0
433656	16	sub	e	-1	1	108400	125400	2	54208	0	14	0
433657	17	set	g	e	1	108400	125400	2	54208	0	54208	0
433658	18	sub	g	b	1	108400	125400	2	54208	0	-54192	0
433659	19	jnz	g	-8	1	108400	125400	2	54208	0	-54192	0
433660	11	set	g	d	1	108400	125400	2	54208	0	2	0
433661	12	mul	g	e	1	108400	125400	2	54208	0	108416	0
433662	13	sub	g	b	1	108400	125400	2	54208	0	16	0
433663	14	jnz	g	2	1	108400	125400	2	54208	0	16	0
433664	16	sub	e	-1	1	108400	125400	2	54209	0	16	0
433665	17	set	g	e	1	108400	125400	2	54209	0	54209	0
433666	18	sub	g	b	1	108400	125400	2	54209	0	-54191	0
433667	19	jnz	g	-8	1	108400	125400	2	54209	0	-54191	0
433668	11	set	g	d	1	108400	125400	2	54209	0	2	0
